4 0.44471153846153844 0.6454326923076923 0.05048076923076923 0.06971153846153846
4 0.13221153846153846 0.8665865384615384 0.18990384615384615 0.15985576923076922
4 0.06850961538461539 0.7836538461538461 0.11057692307692307 0.08653846153846154
4 0.2403846153846154 0.6622596153846154 0.09975961538461539 0.09615384615384616
4 0.23197115384615385 0.5612980769230769 0.09014423076923077 0.09615384615384616
4 0.21875 0.4266826923076923 0.06971153846153846 0.08052884615384616
4 0.10336538461538461 0.5 0.10697115384615384 0.09375
4 0.07451923076923077 0.6430288461538461 0.11658653846153846 0.09975961538461539
4 0.016826923076923076 0.5829326923076923 0.03365384615384615 0.13341346153846154
4 0.04326923076923077 0.35216346153846156 0.08653846153846154 0.12980769230769232
4 0.40625 0.5420673076923077 0.039663461538461536 0.04326923076923077
4 0.43028846153846156 0.578125 0.020432692307692308 0.037259615384615384
4 0.46274038461538464 0.47475961538461536 0.1466346153846154 0.15625
4 0.29447115384615385 0.22115384615384615 0.25721153846153844 0.33052884615384615
4 0.10576923076923077 0.06129807692307692 0.19230769230769232 0.12259615384615384