4 0.4170673076923077 0.4879807692307692 0.4266826923076923 0.34975961538461536
4 0.8329326923076923 0.47475961538461536 0.25961538461538464 0.1502403846153846
4 0.8497596153846154 0.59375 0.2668269230769231 0.15985576923076922
4 0.8329326923076923 0.7716346153846154 0.24639423076923078 0.2764423076923077
4 0.6850961538461539 0.3545673076923077 0.2764423076923077 0.1502403846153846
4 0.6430288461538461 0.2548076923076923 0.16706730769230768 0.07692307692307693
4 0.34615384615384615 0.1778846153846154 0.18028846153846154 0.09014423076923077
4 0.5444711538461539 0.18509615384615385 0.18389423076923078 0.09615384615384616
4 0.703125 0.13221153846153846 0.1466346153846154 0.10336538461538461
4 0.6153846153846154 0.078125 0.11057692307692307 0.06370192307692307
4 0.5036057692307693 0.06370192307692307 0.1201923076923077 0.052884615384615384
4 0.39663461538461536 0.10216346153846154 0.1201923076923077 0.056490384615384616
4 0.22355769230769232 0.13822115384615385 0.09375 0.04326923076923077
4 0.24639423076923078 0.08653846153846154 0.06610576923076923 0.026442307692307692
4 0.26322115384615385 0.04326923076923077 0.06009615384615385 0.026442307692307692
4 0.33533653846153844 0.052884615384615384 0.06370192307692307 0.03365384615384615