4 0.3545673076923077 0.7235576923076923 0.3233173076923077 0.44711538461538464
4 0.5817307692307693 0.7235576923076923 0.05048076923076923 0.08052884615384616
4 0.11057692307692307 0.9014423076923077 0.2127403846153846 0.1502403846153846
4 0.25841346153846156 0.3786057692307692 0.16346153846153846 0.15625
4 0.09615384615384616 0.3449519230769231 0.1466346153846154 0.10336538461538461
4 0.13701923076923078 0.22115384615384615 0.15985576923076922 0.13701923076923078
4 0.296875 0.18509615384615385 0.13942307692307693 0.17668269230769232
4 0.40024038461538464 0.125 0.17307692307692307 0.25
4 0.5120192307692307 0.27524038461538464 0.09014423076923077 0.09014423076923077
4 0.5649038461538461 0.21153846153846154 0.09014423076923077 0.14302884615384615
4 0.4362980769230769 0.39783653846153844 0.16706730769230768 0.16346153846153846
4 0.5637019230769231 0.5 0.08052884615384616 0.08052884615384616
4 0.15865384615384615 0.0829326923076923 0.1502403846153846 0.11298076923076923
4 0.2512019230769231 0.5264423076923077 0.11658653846153846 0.08052884615384616