4 0.30649038461538464 0.8137019230769231 0.2800480769230769 0.22716346153846154
4 0.3233173076923077 0.49278846153846156 0.2127403846153846 0.10697115384615384
4 0.23677884615384615 0.38341346153846156 0.18629807692307693 0.06610576923076923
4 0.2283653846153846 0.3088942307692308 0.12980769230769232 0.05048076923076923
4 0.3088942307692308 0.28125 0.11057692307692307 0.04326923076923077
4 0.3581730769230769 0.25961538461538464 0.09615384615384616 0.03365384615384615
4 0.29447115384615385 0.21514423076923078 0.06971153846153846 0.030048076923076924
4 0.5480769230769231 0.42788461538461536 0.12980769230769232 0.056490384615384616
4 0.546875 0.3870192307692308 0.09375 0.046875
4 0.4579326923076923 0.3269230769230769 0.07692307692307693 0.03365384615384615
4 0.6045673076923077 0.35216346153846156 0.09014423076923077 0.037259615384615384
4 0.6550480769230769 0.39663461538461536 0.06370192307692307 0.03365384615384615
4 0.875 0.8016826923076923 0.13701923076923078 0.11057692307692307