4 0.4699519230769231 0.8221153846153846 0.24639423076923078 0.21634615384615385
4 0.4338942307692308 0.5168269230769231 0.1935096153846154 0.1201923076923077
4 0.34375 0.4266826923076923 0.15384615384615385 0.08653846153846154
4 0.3245192307692308 0.3581730769230769 0.10336538461538461 0.056490384615384616
4 0.43990384615384615 0.38461538461538464 0.13341346153846154 0.07692307692307693
4 0.5865384615384616 0.421875 0.10697115384615384 0.056490384615384616
4 0.5853365384615384 0.38221153846153844 0.0829326923076923 0.05048076923076923
4 0.5048076923076923 0.33774038461538464 0.056490384615384616 0.030048076923076924
4 0.38221153846153844 0.31971153846153844 0.07692307692307693 0.039663461538461536
4 0.41346153846153844 0.2932692307692308 0.08653846153846154 0.039663461538461536
4 0.9170673076923077 0.7151442307692307 0.11298076923076923 0.10336538461538461
4 0.3545673076923077 0.2620192307692308 0.056490384615384616 0.030048076923076924
4 0.6177884615384616 0.33774038461538464 0.0829326923076923 0.04326923076923077