4 0.29447115384615385 0.6021634615384616 0.12980769230769232 0.23677884615384615
4 0.13942307692307693 0.38221153846153844 0.13341346153846154 0.14302884615384615
4 0.3545673076923077 0.4411057692307692 0.07692307692307693 0.12379807692307693
4 0.43028846153846156 0.4651442307692308 0.06009615384615385 0.09615384615384616
4 0.40024038461538464 0.5853365384615384 0.06009615384615385 0.09615384615384616
4 0.5012019230769231 0.5853365384615384 0.04326923076923077 0.09014423076923077
4 0.5084134615384616 0.38341346153846156 0.056490384615384616 0.16706730769230768
4 0.46153846153846156 0.2800480769230769 0.05048076923076923 0.09975961538461539
4 0.5649038461538461 0.4699519230769231 0.037259615384615384 0.09375
4 0.4567307692307692 0.8786057692307693 0.052884615384615384 0.10336538461538461
4 0.4963942307692308 0.8245192307692307 0.06009615384615385 0.11658653846153846
4 0.5588942307692307 0.7548076923076923 0.030048076923076924 0.06971153846153846
4 0.5853365384615384 0.6838942307692307 0.030048076923076924 0.0733173076923077
4 0.6298076923076923 0.7247596153846154 0.039663461538461536 0.11057692307692307
4 0.6622596153846154 0.5901442307692307 0.037259615384615384 0.10697115384615384
4 0.6430288461538461 0.6370192307692307 0.026442307692307692 0.06610576923076923
4 0.6129807692307693 0.4795673076923077 0.026442307692307692 0.06009615384615385