4 0.3629807692307692 0.5564903846153846 0.11298076923076923 0.09975961538461539
4 0.375 0.4567307692307692 0.0829326923076923 0.0733173076923077
4 0.4879807692307692 0.4987980769230769 0.06971153846153846 0.056490384615384616
4 0.59375 0.5144230769230769 0.0733173076923077 0.056490384615384616
4 0.5877403846153846 0.38221153846153844 0.07692307692307693 0.06971153846153846
4 0.71875 0.38341346153846156 0.06971153846153846 0.08052884615384616
4 0.5084134615384616 0.6778846153846154 0.16947115384615385 0.15625
4 0.5600961538461539 0.8485576923076923 0.1201923076923077 0.1502403846153846
4 0.8762019230769231 0.10817307692307693 0.17307692307692307 0.11057692307692307
4 0.49158653846153844 0.20192307692307693 0.11658653846153846 0.06370192307692307
4 0.3401442307692308 0.3004807692307692 0.0733173076923077 0.046875
4 0.2548076923076923 0.23197115384615385 0.06971153846153846 0.056490384615384616
4 0.20673076923076922 0.28846153846153844 0.06009615384615385 0.056490384615384616
4 0.12860576923076922 0.33052884615384615 0.10336538461538461 0.0733173076923077
4 0.23798076923076922 0.40384615384615385 0.10336538461538461 0.08653846153846154
4 0.34134615384615385 0.34615384615384615 0.06370192307692307 0.046875
4 0.7367788461538461 0.23677884615384615 0.06610576923076923 0.046875