4 0.6598557692307693 0.7247596153846154 0.27283653846153844 0.4170673076923077
4 0.4338942307692308 0.75 0.039663461538461536 0.08052884615384616
4 0.90625 0.8737980769230769 0.18028846153846154 0.13341346153846154
4 0.7235576923076923 0.36778846153846156 0.1466346153846154 0.14302884615384615
4 0.8786057692307693 0.3161057692307692 0.13701923076923078 0.08653846153846154
4 0.8305288461538461 0.19951923076923078 0.1466346153846154 0.1201923076923077
4 0.6682692307692307 0.18028846153846154 0.12379807692307693 0.16706730769230768
4 0.5588942307692307 0.12860576923076922 0.1502403846153846 0.23677884615384615
4 0.46274038461538464 0.2932692307692308 0.08052884615384616 0.08653846153846154
4 0.40384615384615385 0.23557692307692307 0.0733173076923077 0.13701923076923078
4 0.5480769230769231 0.40625 0.1502403846153846 0.1466346153846154
4 0.4338942307692308 0.5228365384615384 0.0733173076923077 0.0733173076923077
4 0.796875 0.06129807692307692 0.13942307692307693 0.09615384615384616
4 0.7427884615384616 0.5144230769230769 0.11298076923076923 0.06971153846153846