4 0.49158653846153844 0.19831730769230768 0.056490384615384616 0.06370192307692307
4 0.3545673076923077 0.3629807692307692 0.09014423076923077 0.2536057692307692
4 0.5997596153846154 0.8665865384615384 0.30649038461538464 0.24639423076923078
4 0.8413461538461539 0.44350961538461536 0.28966346153846156 0.39302884615384615
4 0.6995192307692307 0.24158653846153846 0.08052884615384616 0.0829326923076923
4 0.5336538461538461 0.46634615384615385 0.08653846153846154 0.13341346153846154
4 0.6081730769230769 0.6081730769230769 0.04326923076923077 0.06370192307692307
4 0.40024038461538464 0.6514423076923077 0.046875 0.06370192307692307
4 0.453125 0.28725961538461536 0.0733173076923077 0.11298076923076923
4 0.53125 0.27163461538461536 0.037259615384615384 0.05048076923076923
4 0.6262019230769231 0.15985576923076922 0.06009615384615385 0.06009615384615385
4 0.7884615384615384 0.20192307692307693 0.06370192307692307 0.06370192307692307
4 0.30649038461538464 0.5997596153846154 0.052884615384615384 0.17307692307692307