4 0.5552884615384616 0.3269230769230769 0.04326923076923077 0.08653846153846154
4 0.59375 0.3161057692307692 0.026442307692307692 0.06009615384615385
4 0.3894230769230769 0.31009615384615385 0.03365384615384615 0.06610576923076923
4 0.28966346153846156 0.27524038461538464 0.046875 0.09615384615384616
4 0.21995192307692307 0.43149038461538464 0.1466346153846154 0.21634615384615385
4 0.3737980769230769 0.8569711538461539 0.052884615384615384 0.052884615384615384
4 0.3329326923076923 0.6370192307692307 0.052884615384615384 0.06009615384615385
4 0.6033653846153846 0.5120192307692307 0.026442307692307692 0.05048076923076923
4 0.6454326923076923 0.7487980769230769 0.04326923076923077 0.1502403846153846
4 0.6021634615384616 0.8954326923076923 0.02283653846153846 0.04326923076923077
4 0.5733173076923077 0.8449519230769231 0.026442307692307692 0.04326923076923077
4 0.4987980769230769 0.9447115384615384 0.030048076923076924 0.07692307692307693
4 0.5264423076923077 0.9302884615384616 0.020432692307692308 0.06009615384615385
4 0.4519230769230769 0.6622596153846154 0.030048076923076924 0.06370192307692307
4 0.4098557692307692 0.7199519230769231 0.026442307692307692 0.039663461538461536
4 0.08653846153846154 0.6105769230769231 0.1201923076923077 0.1201923076923077