4 0.49038461538461536 0.6382211538461539 0.052884615384615384 0.09014423076923077
4 0.5288461538461539 0.6514423076923077 0.037259615384615384 0.06370192307692307
4 0.3245192307692308 0.6478365384615384 0.04326923076923077 0.06971153846153846
4 0.22115384615384615 0.6778846153846154 0.056490384615384616 0.09615384615384616
4 0.171875 0.5180288461538461 0.16947115384615385 0.23677884615384615
4 0.3798076923076923 0.10216346153846154 0.06009615384615385 0.06370192307692307
4 0.3088942307692308 0.31971153846153844 0.06370192307692307 0.06610576923076923
4 0.5637019230769231 0.4579326923076923 0.03365384615384615 0.056490384615384616
4 0.6346153846153846 0.22355769230769232 0.06370192307692307 0.15384615384615385
4 0.6105769230769231 0.07451923076923077 0.03365384615384615 0.05048076923076923
4 0.5745192307692307 0.12139423076923077 0.030048076923076924 0.05048076923076923
4 0.5144230769230769 0.030048076923076924 0.04326923076923077 0.06009615384615385
4 0.5396634615384616 0.037259615384615384 0.026442307692307692 0.06009615384615385
4 0.43149038461538464 0.2980769230769231 0.037259615384615384 0.06971153846153846
4 0.39663461538461536 0.2403846153846154 0.03365384615384615 0.046875
4 0.06490384615384616 0.3317307692307692 0.12980769230769232 0.13701923076923078