4 0.5264423076923077 0.6550480769230769 0.046875 0.09014423076923077
4 0.5661057692307693 0.6670673076923077 0.03365384615384615 0.06610576923076923
4 0.3629807692307692 0.6646634615384616 0.039663461538461536 0.06971153846153846
4 0.2620192307692308 0.6947115384615384 0.05048076923076923 0.09615384615384616
4 0.1971153846153846 0.5348557692307693 0.15384615384615385 0.22355769230769232
4 0.3737980769230769 0.11538461538461539 0.052884615384615384 0.056490384615384616
4 0.32211538461538464 0.3329326923076923 0.056490384615384616 0.06009615384615385
4 0.5829326923076923 0.47115384615384615 0.026442307692307692 0.056490384615384616
4 0.6382211538461539 0.23798076923076922 0.05048076923076923 0.1502403846153846
4 0.5997596153846154 0.08653846153846154 0.026442307692307692 0.046875
4 0.5697115384615384 0.13701923076923078 0.026442307692307692 0.046875
4 0.5 0.037259615384615384 0.03365384615384615 0.0733173076923077
4 0.5288461538461539 0.05048076923076923 0.02283653846153846 0.06009615384615385
4 0.43990384615384615 0.3137019230769231 0.03365384615384615 0.06610576923076923
4 0.4014423076923077 0.2548076923076923 0.030048076923076924 0.04326923076923077
4 0.0733173076923077 0.34975961538461536 0.12620192307692307 0.12620192307692307