4 0.6177884615384616 0.33774038461538464 0.24278846153846154 0.28966346153846156
4 0.7896634615384616 0.7079326923076923 0.35336538461538464 0.47716346153846156
4 0.9338942307692307 0.24639423076923078 0.1201923076923077 0.34615384615384615
4 0.796875 0.1045673076923077 0.16706730769230768 0.17668269230769232
4 0.40384615384615385 0.6430288461538461 0.23317307692307693 0.41346153846153844
4 0.39663461538461536 0.2920673076923077 0.09375 0.16346153846153846
4 0.4831730769230769 0.11057692307692307 0.12620192307692307 0.15384615384615385
4 0.5769230769230769 0.026442307692307692 0.06610576923076923 0.052884615384615384
4 0.18870192307692307 0.3269230769230769 0.0829326923076923 0.15985576923076922
4 0.25721153846153844 0.48197115384615385 0.09975961538461539 0.1971153846153846
4 0.1814903846153846 0.5552884615384616 0.05048076923076923 0.09014423076923077
4 0.15625 0.7403846153846154 0.10697115384615384 0.19951923076923078
4 0.14302884615384615 0.2548076923076923 0.052884615384615384 0.10336538461538461
4 0.10697115384615384 0.3581730769230769 0.06009615384615385 0.13701923076923078
4 0.11057692307692307 0.6081730769230769 0.11298076923076923 0.25721153846153844
4 0.0985576923076923 0.18990384615384615 0.10336538461538461 0.18629807692307693
4 0.33653846153846156 0.40384615384615385 0.08052884615384616 0.1466346153846154
4 0.2980769230769231 0.2764423076923077 0.05048076923076923 0.06610576923076923