4 0.5168269230769231 0.19471153846153846 0.06610576923076923 0.06971153846153846
4 0.3581730769230769 0.3485576923076923 0.12379807692307693 0.26322115384615385
4 0.5300480769230769 0.8605769230769231 0.3401442307692308 0.2536057692307692
4 0.8185096153846154 0.47716346153846156 0.33052884615384615 0.41947115384615385
4 0.7163461538461539 0.25961538461538464 0.08653846153846154 0.09375
4 0.5168269230769231 0.46875 0.10697115384615384 0.14302884615384615
4 0.5733173076923077 0.6165865384615384 0.052884615384615384 0.06610576923076923
4 0.3581730769230769 0.6394230769230769 0.056490384615384616 0.06610576923076923
4 0.4651442307692308 0.2800480769230769 0.09014423076923077 0.1201923076923077
4 0.5432692307692307 0.27283653846153844 0.039663461538461536 0.052884615384615384
4 0.6538461538461539 0.171875 0.06610576923076923 0.06370192307692307
4 0.8100961538461539 0.2283653846153846 0.0733173076923077 0.06971153846153846
4 0.2764423076923077 0.578125 0.08052884615384616 0.17668269230769232