4 0.20192307692307693 0.36658653846153844 0.22956730769230768 0.2800480769230769
4 0.5180288461538461 0.3233173076923077 0.11057692307692307 0.2127403846153846
4 0.6117788461538461 0.2127403846153846 0.06971153846153846 0.18629807692307693
4 0.6838942307692307 0.18990384615384615 0.052884615384615384 0.12620192307692307
4 0.7235576923076923 0.2644230769230769 0.046875 0.11057692307692307
4 0.7536057692307693 0.31009615384615385 0.03365384615384615 0.09375
4 0.7872596153846154 0.2403846153846154 0.03365384615384615 0.06610576923076923
4 0.6237980769230769 0.5288461538461539 0.06009615384615385 0.12980769230769232
4 0.6646634615384616 0.5204326923076923 0.05048076923076923 0.09375
4 0.7079326923076923 0.421875 0.037259615384615384 0.07692307692307693
4 0.7103365384615384 0.5697115384615384 0.039663461538461536 0.09375
4 0.6754807692307693 0.6286057692307693 0.037259615384615384 0.06370192307692307
4 0.32211538461538464 0.921875 0.11658653846153846 0.12980769230769232