4 0.5745192307692307 0.7620192307692307 0.13701923076923078 0.21634615384615385
4 0.6911057692307693 0.5444711538461539 0.12980769230769232 0.17668269230769232
4 0.8449519230769231 0.6935096153846154 0.16947115384615385 0.15384615384615385
4 0.9651442307692307 0.3317307692307692 0.05048076923076923 0.11658653846153846
4 0.46033653846153844 0.8365384615384616 0.06610576923076923 0.08653846153846154
4 0.4254807692307692 0.921875 0.056490384615384616 0.09014423076923077
4 0.4230769230769231 0.6478365384615384 0.06610576923076923 0.13701923076923078
4 0.41225961538461536 0.7584134615384616 0.04326923076923077 0.0829326923076923
4 0.36658653846153844 0.7680288461538461 0.03365384615384615 0.05048076923076923
4 0.5144230769230769 0.26322115384615385 0.04326923076923077 0.09375
4 0.5600961538461539 0.06009615384615385 0.08052884615384616 0.0733173076923077