4 0.9050480769230769 0.5120192307692307 0.15625 0.23677884615384615
4 0.84375 0.7235576923076923 0.11298076923076923 0.1466346153846154
4 0.7644230769230769 0.5721153846153846 0.09615384615384616 0.22956730769230768
4 0.671875 0.46875 0.06971153846153846 0.12379807692307693
4 0.5817307692307693 0.6322115384615384 0.05048076923076923 0.09014423076923077
4 0.5048076923076923 0.7620192307692307 0.06370192307692307 0.09014423076923077
4 0.46153846153846156 0.5372596153846154 0.05048076923076923 0.08052884615384616
4 0.7127403846153846 0.25961538461538464 0.06009615384615385 0.0733173076923077
4 0.6177884615384616 0.2848557692307692 0.05048076923076923 0.06971153846153846
4 0.5769230769230769 0.3401442307692308 0.06009615384615385 0.08653846153846154
4 0.8713942307692307 0.12860576923076922 0.16947115384615385 0.18389423076923078