4 0.5901442307692307 0.7331730769230769 0.2403846153846154 0.15384615384615385
4 0.3762019230769231 0.8870192307692307 0.15384615384615385 0.1466346153846154
4 0.42788461538461536 0.6730769230769231 0.12980769230769232 0.08653846153846154
4 0.4519230769230769 0.5997596153846154 0.10336538461538461 0.06610576923076923
4 0.5697115384615384 0.6286057692307693 0.09975961538461539 0.06971153846153846
4 0.5685096153846154 0.5228365384615384 0.09014423076923077 0.052884615384615384
4 0.36538461538461536 0.5180288461538461 0.16947115384615385 0.07692307692307693
4 0.26322115384615385 0.5661057692307693 0.10697115384615384 0.06009615384615385
4 0.4495192307692308 0.46153846153846156 0.09375 0.04326923076923077
4 0.8629807692307693 0.5697115384615384 0.10697115384615384 0.06610576923076923
4 0.8088942307692307 0.5300480769230769 0.12379807692307693 0.0733173076923077
4 0.7355769230769231 0.46875 0.06971153846153846 0.037259615384615384
4 0.6646634615384616 0.4411057692307692 0.07692307692307693 0.037259615384615384
4 0.703125 0.39663461538461536 0.11298076923076923 0.052884615384615384
4 0.5661057692307693 0.36658653846153844 0.10697115384615384 0.046875
4 0.6129807692307693 0.38341346153846156 0.06610576923076923 0.03365384615384615
4 0.4579326923076923 0.41346153846153844 0.06370192307692307 0.03365384615384615