4 0.5384615384615384 0.43028846153846156 0.3701923076923077 0.44711538461538464
4 0.4411057692307692 0.8317307692307693 0.16346153846153846 0.2704326923076923
4 0.3269230769230769 0.8149038461538461 0.17307692307692307 0.2704326923076923
4 0.15625 0.7463942307692307 0.28725961538461536 0.25961538461538464
4 0.5961538461538461 0.7247596153846154 0.16706730769230768 0.28365384615384615
4 0.7055288461538461 0.7151442307692307 0.0829326923076923 0.16346153846153846
4 0.8545673076923077 0.453125 0.09615384615384616 0.18629807692307693
4 0.796875 0.6394230769230769 0.10697115384615384 0.18629807692307693
4 0.8100961538461539 0.8064903846153846 0.11298076923076923 0.15384615384615385
4 0.8834134615384616 0.7379807692307693 0.06610576923076923 0.11658653846153846
4 0.9230769230769231 0.6370192307692307 0.06009615384615385 0.1201923076923077
4 0.9170673076923077 0.5228365384615384 0.06009615384615385 0.12620192307692307
4 0.9230769230769231 0.3449519230769231 0.046875 0.09014423076923077
4 0.96875 0.3870192307692308 0.030048076923076924 0.06610576923076923
4 0.9915865384615384 0.4098557692307692 0.009615384615384616 0.06610576923076923
4 0.9783653846153846 0.47475961538461536 0.037259615384615384 0.06370192307692307