4 0.38822115384615385 0.8088942307692307 0.23677884615384615 0.18990384615384615
4 0.41466346153846156 0.5 0.18990384615384615 0.09975961538461539
4 0.34375 0.39783653846153844 0.15384615384615385 0.06971153846153846
4 0.34134615384615385 0.328125 0.10336538461538461 0.04326923076923077
4 0.44711538461538464 0.3737980769230769 0.13341346153846154 0.06009615384615385
4 0.5865384615384616 0.43149038461538464 0.09975961538461539 0.05048076923076923
4 0.5913461538461539 0.3918269230769231 0.0829326923076923 0.04326923076923077
4 0.5252403846153846 0.33653846153846156 0.056490384615384616 0.026442307692307692
4 0.40625 0.2980769230769231 0.0733173076923077 0.030048076923076924
4 0.4411057692307692 0.27884615384615385 0.0829326923076923 0.030048076923076924
4 0.8497596153846154 0.7728365384615384 0.10697115384615384 0.09375
4 0.39302884615384615 0.23677884615384615 0.052884615384615384 0.026442307692307692
4 0.6346153846153846 0.3545673076923077 0.0829326923076923 0.037259615384615384