4 0.19831730769230768 0.34615384615384615 0.21634615384615385 0.27283653846153844
4 0.5168269230769231 0.35216346153846156 0.09975961538461539 0.21033653846153846
4 0.6262019230769231 0.2620192307692308 0.06009615384615385 0.18389423076923078
4 0.6995192307692307 0.25 0.046875 0.12620192307692307
4 0.7271634615384616 0.33052884615384615 0.039663461538461536 0.10697115384615384
4 0.7512019230769231 0.3798076923076923 0.030048076923076924 0.09375
4 0.7944711538461539 0.3137019230769231 0.030048076923076924 0.06610576923076923
4 0.5865384615384616 0.5733173076923077 0.052884615384615384 0.12620192307692307
4 0.6322115384615384 0.5721153846153846 0.04326923076923077 0.09014423076923077
4 0.6862980769230769 0.4795673076923077 0.03365384615384615 0.0733173076923077
4 0.6682692307692307 0.6286057692307693 0.037259615384615384 0.09014423076923077
4 0.6237980769230769 0.6778846153846154 0.03365384615384615 0.06370192307692307
4 0.22716346153846154 0.9146634615384616 0.10697115384615384 0.12980769230769232