4 0.5637019230769231 0.45552884615384615 0.40625 0.3233173076923077
4 0.14783653846153846 0.5072115384615384 0.25721153846153844 0.13341346153846154
4 0.13822115384615385 0.625 0.25721153846153844 0.14302884615384615
4 0.16706730769230768 0.8016826923076923 0.22716346153846154 0.26322115384615385
4 0.28846153846153844 0.36658653846153844 0.2704326923076923 0.13341346153846154
4 0.3233173076923077 0.2620192307692308 0.15985576923076922 0.06370192307692307
4 0.6117788461538461 0.13822115384615385 0.17668269230769232 0.07692307692307693
4 0.4170673076923077 0.1778846153846154 0.18028846153846154 0.0829326923076923
4 0.2536057692307692 0.14783653846153846 0.13942307692307693 0.09615384615384616
4 0.33774038461538464 0.08052884615384616 0.11057692307692307 0.052884615384615384
4 0.4483173076923077 0.051682692307692304 0.11658653846153846 0.04326923076923077
4 0.5564903846153846 0.07211538461538461 0.1201923076923077 0.05048076923076923
4 0.7355769230769231 0.08173076923076923 0.09014423076923077 0.037259615384615384
4 0.7055288461538461 0.03485576923076923 0.06370192307692307 0.02283653846153846
4 0.6887019230769231 0.003605769230769231 0.056490384615384616 0.007211538461538462
4 0.6165865384615384 0.014423076923076924 0.06490384615384616 0.028846153846153848