4 0.3485576923076923 0.5288461538461539 0.06971153846153846 0.04326923076923077
4 0.11778846153846154 0.8269230769230769 0.15625 0.18028846153846154
4 0.20192307692307693 0.8954326923076923 0.09014423076923077 0.10336538461538461
4 0.3245192307692308 0.7319711538461539 0.09615384615384616 0.09014423076923077
4 0.4266826923076923 0.7487980769230769 0.09375 0.0829326923076923
4 0.5612980769230769 0.7644230769230769 0.07692307692307693 0.06370192307692307
4 0.4855769230769231 0.8762019230769231 0.09615384615384616 0.09975961538461539
4 0.34134615384615385 0.9002403846153846 0.10336538461538461 0.11298076923076923
4 0.40024038461538464 0.9711538461538461 0.13341346153846154 0.05048076923076923
4 0.6298076923076923 0.9471153846153846 0.12620192307692307 0.08653846153846154
4 0.453125 0.5697115384615384 0.046875 0.039663461538461536
4 0.41466346153846156 0.546875 0.037259615384615384 0.020432692307692308
4 0.5204326923076923 0.5216346153846154 0.15985576923076922 0.13701923076923078
4 0.7668269230769231 0.703125 0.3269230769230769 0.2403846153846154
4 0.9254807692307693 0.9014423076923077 0.12379807692307693 0.18990384615384615