4 0.6394230769230769 0.6502403846153846 0.2127403846153846 0.27283653846153844
4 0.8569711538461539 0.30288461538461536 0.2800480769230769 0.453125
4 0.9471153846153846 0.7764423076923077 0.09975961538461539 0.3401442307692308
4 0.78125 0.8954326923076923 0.1502403846153846 0.15625
4 0.47475961538461536 0.3269230769230769 0.18990384615384615 0.40024038461538464
4 0.41225961538461536 0.671875 0.07692307692307693 0.15625
4 0.47115384615384615 0.8605769230769231 0.11057692307692307 0.1466346153846154
4 0.5504807692307693 0.953125 0.06009615384615385 0.052884615384615384
4 0.21153846153846154 0.6153846153846154 0.06370192307692307 0.15625
4 0.3016826923076923 0.46875 0.07692307692307693 0.18990384615384615
4 0.23798076923076922 0.38822115384615385 0.04326923076923077 0.0829326923076923
4 0.24278846153846154 0.203125 0.08052884615384616 0.1935096153846154
4 0.15384615384615385 0.6838942307692307 0.046875 0.09975961538461539
4 0.13221153846153846 0.5769230769230769 0.05048076923076923 0.13341346153846154
4 0.17548076923076922 0.328125 0.0829326923076923 0.25
4 0.0985576923076923 0.7379807692307693 0.0829326923076923 0.18389423076923078
4 0.36778846153846156 0.5528846153846154 0.06370192307692307 0.13942307692307693
4 0.31009615384615385 0.6754807692307693 0.039663461538461536 0.06370192307692307