4 0.18629807692307693 0.35216346153846156 0.10697115384615384 0.1502403846153846
4 0.24879807692307693 0.46033653846153844 0.06370192307692307 0.08653846153846154
4 0.40865384615384615 0.24158653846153846 0.09014423076923077 0.14302884615384615
4 0.41466346153846156 0.4170673076923077 0.05048076923076923 0.0733173076923077
4 0.40024038461538464 0.5444711538461539 0.039663461538461536 0.0829326923076923
4 0.39783653846153844 0.6730769230769231 0.037259615384615384 0.052884615384615384
4 0.4230769230769231 0.5528846153846154 0.03365384615384615 0.1201923076923077
4 0.5132211538461539 0.41346153846153844 0.052884615384615384 0.08653846153846154
4 0.5432692307692307 0.17548076923076922 0.026442307692307692 0.037259615384615384
4 0.5144230769230769 0.28846153846153844 0.04326923076923077 0.06971153846153846
4 0.5697115384615384 0.34375 0.026442307692307692 0.03365384615384615
4 0.2127403846153846 0.78125 0.11298076923076923 0.203125