4 0.056490384615384616 0.5 0.11298076923076923 0.08653846153846154
4 0.3605769230769231 0.4387019230769231 0.052884615384615384 0.05048076923076923
4 0.5480769230769231 0.21995192307692307 0.09014423076923077 0.0733173076923077
4 0.6466346153846154 0.2704326923076923 0.09375 0.046875
4 0.6081730769230769 0.3329326923076923 0.056490384615384616 0.039663461538461536
4 0.5072115384615384 0.28365384615384615 0.052884615384615384 0.039663461538461536
4 0.5 0.5528846153846154 0.09375 0.08052884615384616
4 0.4182692307692308 0.6514423076923077 0.16947115384615385 0.12980769230769232
4 0.6213942307692307 0.4951923076923077 0.05048076923076923 0.037259615384615384
4 0.6935096153846154 0.6177884615384616 0.20673076923076922 0.11658653846153846
4 0.7319711538461539 0.8016826923076923 0.1971153846153846 0.21033653846153846
4 0.7512019230769231 0.48677884615384615 0.12980769230769232 0.1201923076923077