4 0.9338942307692307 0.49158653846153844 0.11298076923076923 0.07692307692307693
4 0.625 0.4579326923076923 0.05048076923076923 0.04326923076923077
4 0.4254807692307692 0.25841346153846156 0.0829326923076923 0.06370192307692307
4 0.328125 0.3161057692307692 0.09014423076923077 0.03365384615384615
4 0.3701923076923077 0.3786057692307692 0.052884615384615384 0.030048076923076924
4 0.46875 0.3161057692307692 0.05048076923076923 0.03365384615384615
4 0.49158653846153844 0.5853365384615384 0.09014423076923077 0.06971153846153846
4 0.578125 0.6766826923076923 0.16346153846153846 0.1201923076923077
4 0.36658653846153844 0.5396634615384616 0.046875 0.03365384615384615
4 0.30528846153846156 0.6670673076923077 0.203125 0.09975961538461539
4 0.27884615384615385 0.8545673076923077 0.18389423076923078 0.1971153846153846
4 0.2403846153846154 0.5432692307692307 0.12620192307692307 0.10697115384615384