4 0.8221153846153846 0.49278846153846156 0.06971153846153846 0.06009615384615385
4 0.6586538461538461 0.35216346153846156 0.26322115384615385 0.11057692307692307
4 0.15625 0.5805288461538461 0.2668269230769231 0.3269230769230769
4 0.5649038461538461 0.8305288461538461 0.4230769230769231 0.3137019230769231
4 0.7704326923076923 0.6995192307692307 0.09375 0.08653846153846154
4 0.5480769230769231 0.5252403846153846 0.14302884615384615 0.10336538461538461
4 0.40384615384615385 0.5985576923076923 0.06610576923076923 0.05048076923076923
4 0.3701923076923077 0.38461538461538464 0.06610576923076923 0.05048076923076923
4 0.7319711538461539 0.4519230769230769 0.12379807692307693 0.0829326923076923
4 0.7427884615384616 0.5300480769230769 0.052884615384615384 0.039663461538461536
4 0.8533653846153846 0.6286057692307693 0.06610576923076923 0.06370192307692307
4 0.8052884615384616 0.7896634615384616 0.06971153846153846 0.06610576923076923
4 0.4254807692307692 0.2932692307692308 0.17668269230769232 0.06610576923076923