4 0.3737980769230769 0.6983173076923077 0.2403846153846154 0.14302884615384615
4 0.578125 0.8605769230769231 0.1502403846153846 0.13942307692307693
4 0.5372596153846154 0.6418269230769231 0.12620192307692307 0.0829326923076923
4 0.5180288461538461 0.5685096153846154 0.10336538461538461 0.06370192307692307
4 0.40024038461538464 0.5913461538461539 0.09975961538461539 0.06370192307692307
4 0.4050480769230769 0.4879807692307692 0.09014423076923077 0.05048076923076923
4 0.6081730769230769 0.49158653846153844 0.16947115384615385 0.06971153846153846
4 0.7067307692307693 0.5432692307692307 0.10697115384615384 0.052884615384615384
4 0.5264423076923077 0.43149038461538464 0.09375 0.04326923076923077
4 0.11057692307692307 0.5216346153846154 0.10697115384615384 0.06370192307692307
4 0.16706730769230768 0.48677884615384615 0.1201923076923077 0.06610576923076923
4 0.24158653846153846 0.4254807692307692 0.06971153846153846 0.037259615384615384
4 0.3137019230769231 0.40384615384615385 0.0733173076923077 0.03365384615384615
4 0.27884615384615385 0.35697115384615385 0.11057692307692307 0.046875
4 0.41466346153846156 0.3317307692307692 0.11057692307692307 0.04326923076923077
4 0.36778846153846156 0.3485576923076923 0.06971153846153846 0.030048076923076924
4 0.5204326923076923 0.38461538461538464 0.06009615384615385 0.030048076923076924