4 0.7163461538461539 0.6033653846153846 0.44711538461538464 0.31971153846153844
4 0.7271634615384616 0.375 0.08052884615384616 0.05048076923076923
4 0.8834134615384616 0.8365384615384616 0.15384615384615385 0.2127403846153846
4 0.36538461538461536 0.7199519230769231 0.15625 0.15985576923076922
4 0.3245192307692308 0.8822115384615384 0.10336538461538461 0.14302884615384615
4 0.20552884615384615 0.8497596153846154 0.13701923076923078 0.15985576923076922
4 0.17548076923076922 0.6935096153846154 0.17668269230769232 0.13942307692307693
4 0.12139423076923077 0.5913461538461539 0.24278846153846154 0.16947115384615385
4 0.27283653846153844 0.47115384615384615 0.09375 0.09014423076923077
4 0.21153846153846154 0.41947115384615385 0.14302884615384615 0.08653846153846154
4 0.3918269230769231 0.5420673076923077 0.16346153846153846 0.16346153846153846
4 0.5 0.40865384615384615 0.08052884615384616 0.07692307692307693
4 0.06610576923076923 0.8377403846153846 0.11298076923076923 0.1502403846153846
4 0.5132211538461539 0.71875 0.08052884615384616 0.11658653846153846