4 0.46875 0.3798076923076923 0.05048076923076923 0.0733173076923077
4 0.14783653846153846 0.16466346153846154 0.1971153846153846 0.17668269230769232
4 0.09014423076923077 0.25 0.11298076923076923 0.09975961538461539
4 0.26322115384615385 0.36658653846153844 0.09975961538461539 0.10697115384615384
4 0.25841346153846156 0.46875 0.09615384615384616 0.10336538461538461
4 0.25721153846153844 0.6033653846153846 0.0733173076923077 0.08653846153846154
4 0.13701923076923078 0.5336538461538461 0.11298076923076923 0.10697115384615384
4 0.10216346153846154 0.3894230769230769 0.12379807692307693 0.11298076923076923
4 0.038461538461538464 0.453125 0.056490384615384616 0.13942307692307693
4 0.0829326923076923 0.6838942307692307 0.09975961538461539 0.13942307692307693
4 0.4387019230769231 0.48677884615384615 0.04326923076923077 0.046875
4 0.4579326923076923 0.44711538461538464 0.02283653846153846 0.039663461538461536
4 0.4963942307692308 0.5504807692307693 0.15384615384615385 0.17307692307692307
4 0.34134615384615385 0.8064903846153846 0.2764423076923077 0.3605769230769231
4 0.16466346153846154 0.9483173076923077 0.203125 0.09615384615384616