4 0.20192307692307693 0.6586538461538461 0.11658653846153846 0.15625
4 0.2536057692307692 0.5444711538461539 0.06610576923076923 0.09014423076923077
4 0.42788461538461536 0.7427884615384616 0.09615384615384616 0.1466346153846154
4 0.4230769230769231 0.5661057692307693 0.06009615384615385 0.08052884615384616
4 0.39783653846153844 0.4411057692307692 0.04326923076923077 0.0829326923076923
4 0.3870192307692308 0.3137019230769231 0.039663461538461536 0.052884615384615384
4 0.421875 0.43149038461538464 0.04326923076923077 0.12379807692307693
4 0.5204326923076923 0.5588942307692307 0.06009615384615385 0.09014423076923077
4 0.5697115384615384 0.7920673076923077 0.026442307692307692 0.04326923076923077
4 0.53125 0.6814903846153846 0.05048076923076923 0.06971153846153846
4 0.5829326923076923 0.6213942307692307 0.026442307692307692 0.037259615384615384
4 0.19471153846153846 0.2283653846153846 0.12980769230769232 0.21033653846153846