4 0.3016826923076923 0.5252403846153846 0.09014423076923077 0.09615384615384616
4 0.2127403846153846 0.4579326923076923 0.06009615384615385 0.056490384615384616
4 0.41947115384615385 0.44471153846153844 0.11298076923076923 0.09014423076923077
4 0.5745192307692307 0.53125 0.06971153846153846 0.11057692307692307
4 0.5264423076923077 0.5144230769230769 0.039663461538461536 0.07692307692307693
4 0.5913461538461539 0.26322115384615385 0.12379807692307693 0.0733173076923077
4 0.7451923076923077 0.20552884615384615 0.16346153846153846 0.11057692307692307
4 0.39783653846153844 0.3245192307692308 0.07692307692307693 0.056490384615384616
4 0.27283653846153844 0.3737980769230769 0.08653846153846154 0.06610576923076923
4 0.3954326923076923 0.5516826923076923 0.037259615384615384 0.04326923076923077
4 0.43028846153846156 0.5552884615384616 0.026442307692307692 0.04326923076923077
4 0.3605769230769231 0.5396634615384616 0.026442307692307692 0.03365384615384615
4 0.17668269230769232 0.5264423076923077 0.026442307692307692 0.039663461538461536