4 0.47475961538461536 0.9483173076923077 0.09014423076923077 0.09615384615384616
4 0.5288461538461539 0.6586538461538461 0.05048076923076923 0.056490384615384616
4 0.7415865384615384 0.47836538461538464 0.06971153846153846 0.09014423076923077
4 0.6911057692307693 0.3762019230769231 0.04326923076923077 0.09375
4 0.6286057692307693 0.41225961538461536 0.037259615384615384 0.056490384615384616
4 0.6814903846153846 0.5168269230769231 0.037259615384615384 0.052884615384615384
4 0.41225961538461536 0.5144230769230769 0.07692307692307693 0.09615384615384616
4 0.3137019230769231 0.59375 0.12620192307692307 0.17307692307692307
4 0.46875 0.3954326923076923 0.037259615384615384 0.05048076923076923
4 0.34375 0.32211538461538464 0.11298076923076923 0.21033653846153846
4 0.15985576923076922 0.27524038461538464 0.20673076923076922 0.203125
4 0.4735576923076923 0.2668269230769231 0.11298076923076923 0.13341346153846154