4 0.46274038461538464 0.35216346153846156 0.052884615384615384 0.09014423076923077
4 0.4254807692307692 0.33653846153846156 0.037259615384615384 0.06610576923076923
4 0.6286057692307693 0.3485576923076923 0.04326923076923077 0.06971153846153846
4 0.7319711538461539 0.3245192307692308 0.056490384615384616 0.09615384615384616
4 0.7836538461538461 0.4879807692307692 0.16706730769230768 0.22956730769230768
4 0.5865384615384616 0.8966346153846154 0.06009615384615385 0.06009615384615385
4 0.6478365384615384 0.6814903846153846 0.06370192307692307 0.06370192307692307
4 0.39302884615384615 0.5300480769230769 0.03365384615384615 0.052884615384615384
4 0.3269230769230769 0.7620192307692307 0.06009615384615385 0.1502403846153846
4 0.3545673076923077 0.9134615384615384 0.030048076923076924 0.046875
4 0.38822115384615385 0.8653846153846154 0.030048076923076924 0.05048076923076923
4 0.4519230769230769 0.9627403846153846 0.04326923076923077 0.06610576923076923
4 0.4266826923076923 0.953125 0.026442307692307692 0.06009615384615385
4 0.53125 0.6947115384615384 0.037259615384615384 0.06971153846153846
4 0.5649038461538461 0.7548076923076923 0.030048076923076924 0.04326923076923077
4 0.8978365384615384 0.6778846153846154 0.12980769230769232 0.12980769230769232