4 0.31850961538461536 0.3004807692307692 0.33653846153846156 0.44711538461538464
4 0.5420673076923077 0.24278846153846154 0.056490384615384616 0.08052884615384616
4 0.08052884615384616 0.18990384615384615 0.15985576923076922 0.15384615384615385
4 0.27283653846153844 0.6634615384615384 0.16706730769230768 0.15985576923076922
4 0.1201923076923077 0.7355769230769231 0.15384615384615385 0.10336538461538461
4 0.17548076923076922 0.8449519230769231 0.16346153846153846 0.13701923076923078
4 0.33774038461538464 0.8413461538461539 0.1502403846153846 0.17668269230769232
4 0.4519230769230769 0.8713942307692307 0.18389423076923078 0.24278846153846154
4 0.5348557692307693 0.7019230769230769 0.09615384615384616 0.09615384615384616
4 0.5961538461538461 0.75 0.09375 0.13942307692307693
4 0.44350961538461536 0.6021634615384616 0.17307692307692307 0.16346153846153846
4 0.5528846153846154 0.46875 0.08052884615384616 0.07692307692307693
4 0.21634615384615385 0.9579326923076923 0.15384615384615385 0.07692307692307693
4 0.24639423076923078 0.5204326923076923 0.1201923076923077 0.08052884615384616