4 0.40865384615384615 0.3245192307692308 0.21634615384615385 0.2704326923076923
4 0.171875 0.6634615384615384 0.31009615384615385 0.453125
4 0.08173076923076923 0.18389423076923078 0.14302884615384615 0.3329326923076923
4 0.27283653846153844 0.078125 0.15384615384615385 0.15625
4 0.5661057692307693 0.65625 0.1935096153846154 0.40024038461538464
4 0.6370192307692307 0.31490384615384615 0.08052884615384616 0.15625
4 0.5817307692307693 0.12139423076923077 0.11057692307692307 0.14302884615384615
4 0.5048076923076923 0.026442307692307692 0.06370192307692307 0.052884615384615384
4 0.8365384615384616 0.38221153846153844 0.06610576923076923 0.15625
4 0.7427884615384616 0.5228365384615384 0.08052884615384616 0.1935096153846154
4 0.8016826923076923 0.6045673076923077 0.04326923076923077 0.0829326923076923
4 0.7932692307692307 0.7884615384615384 0.08653846153846154 0.1971153846153846
4 0.8954326923076923 0.3137019230769231 0.04326923076923077 0.09975961538461539
4 0.9146634615384616 0.41947115384615385 0.05048076923076923 0.13341346153846154
4 0.8665865384615384 0.6670673076923077 0.08653846153846154 0.2536057692307692
4 0.9519230769230769 0.25841346153846156 0.0829326923076923 0.18389423076923078
4 0.6754807692307693 0.4338942307692308 0.06370192307692307 0.13942307692307693
4 0.7379807692307693 0.31490384615384615 0.04326923076923077 0.06370192307692307