4 0.3701923076923077 0.5528846153846154 0.0733173076923077 0.052884615384615384
4 0.1778846153846154 0.8629807692307693 0.17668269230769232 0.19951923076923078
4 0.26802884615384615 0.9266826923076923 0.09615384615384616 0.11298076923076923
4 0.3737980769230769 0.7584134615384616 0.10697115384615384 0.10336538461538461
4 0.47475961538461536 0.7704326923076923 0.10336538461538461 0.09975961538461539
4 0.6105769230769231 0.7800480769230769 0.08653846153846154 0.0733173076923077
4 0.5480769230769231 0.8966346153846154 0.10336538461538461 0.11298076923076923
4 0.40865384615384615 0.9254807692307693 0.11057692307692307 0.12379807692307693
4 0.4735576923076923 0.9783653846153846 0.13942307692307693 0.037259615384615384
4 0.7019230769230769 0.9519230769230769 0.13701923076923078 0.09014423076923077
4 0.4795673076923077 0.5913461538461539 0.046875 0.04326923076923077
4 0.43990384615384615 0.5685096153846154 0.039663461538461536 0.02283653846153846
4 0.5420673076923077 0.5384615384615384 0.16947115384615385 0.15625
4 0.8064903846153846 0.7103365384615384 0.35336538461538464 0.2800480769230769
4 0.9567307692307693 0.8966346153846154 0.08052884615384616 0.19951923076923078