4 0.3918269230769231 0.7884615384615384 0.23677884615384615 0.203125
4 0.4230769230769231 0.4795673076923077 0.1935096153846154 0.11298076923076923
4 0.3545673076923077 0.3786057692307692 0.1502403846153846 0.07692307692307693
4 0.35216346153846156 0.3088942307692308 0.10336538461538461 0.05048076923076923
4 0.4567307692307692 0.35336538461538464 0.13341346153846154 0.0733173076923077
4 0.5949519230769231 0.4098557692307692 0.10336538461538461 0.052884615384615384
4 0.6033653846153846 0.3713942307692308 0.08653846153846154 0.04326923076923077
4 0.5348557692307693 0.3161057692307692 0.056490384615384616 0.026442307692307692
4 0.4182692307692308 0.2800480769230769 0.07692307692307693 0.03365384615384615
4 0.453125 0.25841346153846156 0.08052884615384616 0.037259615384615384
4 0.8521634615384616 0.75 0.11057692307692307 0.09975961538461539
4 0.4050480769230769 0.21634615384615385 0.056490384615384616 0.026442307692307692
4 0.6466346153846154 0.33533653846153844 0.08653846153846154 0.04326923076923077