4 0.5132211538461539 0.8245192307692307 0.2536057692307692 0.21634615384615385
4 0.4579326923076923 0.5180288461538461 0.1971153846153846 0.12379807692307693
4 0.36538461538461536 0.43028846153846156 0.15625 0.08653846153846154
4 0.34375 0.36177884615384615 0.10697115384615384 0.056490384615384616
4 0.4579326923076923 0.38822115384615385 0.13701923076923078 0.07692307692307693
4 0.6081730769230769 0.4266826923076923 0.11057692307692307 0.06009615384615385
4 0.6045673076923077 0.38461538461538464 0.0829326923076923 0.05048076923076923
4 0.5228365384615384 0.3401442307692308 0.06009615384615385 0.03365384615384615
4 0.40024038461538464 0.32211538461538464 0.08052884615384616 0.037259615384615384
4 0.42788461538461536 0.296875 0.0829326923076923 0.039663461538461536
4 0.9447115384615384 0.7199519230769231 0.10336538461538461 0.10697115384615384
4 0.36778846153846156 0.26322115384615385 0.056490384615384616 0.03365384615384615
4 0.6370192307692307 0.34375 0.08653846153846154 0.046875