4 0.6971153846153846 0.625 0.4338942307692308 0.30288461538461536
4 0.7403846153846154 0.40024038461538464 0.08052884615384616 0.046875
4 0.828125 0.8713942307692307 0.14302884615384615 0.18990384615384615
4 0.33533653846153844 0.6911057692307693 0.1502403846153846 0.15625
4 0.27163461538461536 0.8497596153846154 0.09615384615384616 0.1466346153846154
4 0.15865384615384615 0.8016826923076923 0.12980769230769232 0.15625
4 0.15144230769230768 0.6394230769230769 0.16947115384615385 0.13942307692307693
4 0.11778846153846154 0.5300480769230769 0.23557692307692307 0.17067307692307693
4 0.28365384615384615 0.4338942307692308 0.08653846153846154 0.08653846153846154
4 0.2283653846153846 0.375 0.13701923076923078 0.0829326923076923
4 0.38822115384615385 0.5204326923076923 0.15625 0.15985576923076922
4 0.5132211538461539 0.4014423076923077 0.0733173076923077 0.07692307692307693
4 0.038461538461538464 0.7704326923076923 0.07692307692307693 0.1466346153846154
4 0.48197115384615385 0.7115384615384616 0.07692307692307693 0.11658653846153846