4 0.8112980769230769 0.4254807692307692 0.1971153846153846 0.24278846153846154
4 0.5072115384615384 0.4170673076923077 0.10697115384615384 0.1935096153846154
4 0.41346153846153844 0.33653846153846156 0.0733173076923077 0.15384615384615385
4 0.34375 0.3245192307692308 0.046875 0.10336538461538461
4 0.3762019230769231 0.4362980769230769 0.06610576923076923 0.13341346153846154
4 0.4182692307692308 0.5817307692307693 0.05048076923076923 0.10336538461538461
4 0.3786057692307692 0.5829326923076923 0.04326923076923077 0.08653846153846154
4 0.33052884615384615 0.5084134615384616 0.026442307692307692 0.056490384615384616
4 0.30649038461538464 0.38822115384615385 0.03365384615384615 0.07692307692307693
4 0.28365384615384615 0.41947115384615385 0.03365384615384615 0.08052884615384616
4 0.7283653846153846 0.8822115384615384 0.09615384615384616 0.11057692307692307
4 0.24639423076923078 0.36538461538461536 0.026442307692307692 0.056490384615384616
4 0.33653846153846156 0.6213942307692307 0.039663461538461536 0.0829326923076923