4 0.28846153846153844 0.4879807692307692 0.09014423076923077 0.09615384615384616
4 0.19951923076923078 0.5516826923076923 0.06009615384615385 0.056490384615384616
4 0.40625 0.5745192307692307 0.11298076923076923 0.09014423076923077
4 0.5600961538461539 0.4951923076923077 0.06610576923076923 0.11057692307692307
4 0.5132211538461539 0.5084134615384616 0.039663461538461536 0.07692307692307693
4 0.5829326923076923 0.7668269230769231 0.1201923076923077 0.0733173076923077
4 0.7355769230769231 0.8317307692307693 0.16346153846153846 0.11057692307692307
4 0.38822115384615385 0.6947115384615384 0.07692307692307693 0.056490384615384616
4 0.25961538461538464 0.6394230769230769 0.08653846153846154 0.06610576923076923
4 0.38221153846153844 0.4651442307692308 0.037259615384615384 0.04326923076923077
4 0.4170673076923077 0.4651442307692308 0.026442307692307692 0.04326923076923077
4 0.34615384615384615 0.47716346153846156 0.026442307692307692 0.03365384615384615
4 0.16346153846153846 0.4831730769230769 0.026442307692307692 0.039663461538461536