4 0.49278846153846156 0.9266826923076923 0.2403846153846154 0.13942307692307693
4 0.2800480769230769 0.875 0.1466346153846154 0.11057692307692307
4 0.43149038461538464 0.7932692307692307 0.22355769230769232 0.08653846153846154
4 0.5396634615384616 0.7067307692307693 0.1201923076923077 0.06009615384615385
4 0.3737980769230769 0.6165865384615384 0.09375 0.046875
4 0.24278846153846154 0.5396634615384616 0.08653846153846154 0.06009615384615385
4 0.47115384615384615 0.49278846153846156 0.07692307692307693 0.052884615384615384
4 0.7463942307692307 0.7463942307692307 0.0733173076923077 0.052884615384615384
4 0.7247596153846154 0.6514423076923077 0.06971153846153846 0.05048076923076923
4 0.6694711538461539 0.6069711538461539 0.08653846153846154 0.06009615384615385
4 0.8786057692307693 0.90625 0.18389423076923078 0.15985576923076922