4 0.055288461538461536 0.5 0.11057692307692307 0.08653846153846154
4 0.35697115384615385 0.4387019230769231 0.052884615384615384 0.05048076923076923
4 0.5444711538461539 0.21995192307692307 0.09014423076923077 0.0733173076923077
4 0.6430288461538461 0.2704326923076923 0.09375 0.046875
4 0.6045673076923077 0.3329326923076923 0.056490384615384616 0.039663461538461536
4 0.5036057692307693 0.28365384615384615 0.052884615384615384 0.039663461538461536
4 0.49278846153846156 0.5528846153846154 0.09375 0.08052884615384616
4 0.41225961538461536 0.6514423076923077 0.16947115384615385 0.12980769230769232
4 0.6153846153846154 0.4951923076923077 0.05048076923076923 0.037259615384615384
4 0.6850961538461539 0.6177884615384616 0.21033653846153846 0.11658653846153846
4 0.7235576923076923 0.8016826923076923 0.19951923076923078 0.21033653846153846
4 0.7451923076923077 0.48677884615384615 0.12980769230769232 0.1201923076923077