4 0.5228365384615384 0.3713942307692308 0.046875 0.07692307692307693
4 0.8004807692307693 0.1346153846153846 0.18629807692307693 0.16947115384615385
4 0.875 0.21634615384615385 0.11057692307692307 0.09375
4 0.7235576923076923 0.34375 0.09375 0.09975961538461539
4 0.7487980769230769 0.44350961538461536 0.09014423076923077 0.09975961538461539
4 0.7788461538461539 0.578125 0.06971153846153846 0.0829326923076923
4 0.8834134615384616 0.5 0.10697115384615384 0.09975961538461539
4 0.8918269230769231 0.35697115384615385 0.11658653846153846 0.10697115384615384
4 0.9699519230769231 0.4098557692307692 0.052884615384615384 0.13942307692307693
4 0.9567307692307693 0.6430288461538461 0.08052884615384616 0.13942307692307693
4 0.5769230769230769 0.47475961538461536 0.046875 0.05048076923076923
4 0.5480769230769231 0.4387019230769231 0.02283653846153846 0.037259615384615384
4 0.53125 0.5432692307692307 0.14302884615384615 0.16706730769230768
4 0.7331730769230769 0.7848557692307693 0.2536057692307692 0.34375
4 0.921875 0.9338942307692307 0.1502403846153846 0.12620192307692307