4 0.5649038461538461 0.6382211538461539 0.09615384615384616 0.11057692307692307
4 0.4651442307692308 0.6177884615384616 0.06971153846153846 0.07692307692307693
4 0.5084134615384616 0.5084134615384616 0.056490384615384616 0.06971153846153846
4 0.5288461538461539 0.40384615384615385 0.056490384615384616 0.0733173076923077
4 0.39663461538461536 0.40024038461538464 0.06610576923076923 0.0733173076923077
4 0.40024038461538464 0.2704326923076923 0.0733173076923077 0.06610576923076923
4 0.6899038461538461 0.5 0.1466346153846154 0.15985576923076922
4 0.8617788461538461 0.4579326923076923 0.14302884615384615 0.11057692307692307
4 0.12860576923076922 0.09375 0.10336538461538461 0.16706730769230768
4 0.2127403846153846 0.48677884615384615 0.06009615384615385 0.11298076923076923
4 0.30649038461538464 0.6430288461538461 0.046875 0.0733173076923077
4 0.23798076923076922 0.7235576923076923 0.056490384615384616 0.06610576923076923
4 0.29447115384615385 0.7764423076923077 0.056490384615384616 0.06009615384615385
4 0.3329326923076923 0.8581730769230769 0.06610576923076923 0.10336538461538461
4 0.41225961538461536 0.7536057692307693 0.0829326923076923 0.09975961538461539
4 0.3545673076923077 0.6454326923076923 0.04326923076923077 0.056490384615384616
4 0.2536057692307692 0.24278846153846154 0.046875 0.06009615384615385