4 0.5480769230769231 0.36778846153846156 0.09615384615384616 0.11057692307692307
4 0.44711538461538464 0.38461538461538464 0.06610576923076923 0.07692307692307693
4 0.49038461538461536 0.4963942307692308 0.052884615384615384 0.06610576923076923
4 0.5132211538461539 0.6033653846153846 0.052884615384615384 0.0733173076923077
4 0.38221153846153844 0.6033653846153846 0.06370192307692307 0.0733173076923077
4 0.3870192307692308 0.7331730769230769 0.0733173076923077 0.06610576923076923
4 0.6730769230769231 0.5132211538461539 0.1466346153846154 0.16706730769230768
4 0.8449519230769231 0.5588942307692307 0.14302884615384615 0.11658653846153846
4 0.1201923076923077 0.9002403846153846 0.09975961538461539 0.16706730769230768
4 0.1971153846153846 0.5120192307692307 0.06009615384615385 0.11057692307692307
4 0.28846153846153844 0.35697115384615385 0.04326923076923077 0.0733173076923077
4 0.21634615384615385 0.27283653846153844 0.052884615384615384 0.06610576923076923
4 0.27283653846153844 0.22355769230769232 0.052884615384615384 0.06009615384615385
4 0.31009615384615385 0.14182692307692307 0.06610576923076923 0.10336538461538461
4 0.38822115384615385 0.25 0.0829326923076923 0.09975961538461539
4 0.33533653846153844 0.3545673076923077 0.04326923076923077 0.056490384615384616
4 0.24158653846153846 0.7548076923076923 0.04326923076923077 0.06370192307692307