4 0.5913461538461539 0.7235576923076923 0.23677884615384615 0.1201923076923077
4 0.35697115384615385 0.8401442307692307 0.13942307692307693 0.12620192307692307
4 0.4411057692307692 0.6382211538461539 0.12379807692307693 0.06971153846153846
4 0.4735576923076923 0.5697115384615384 0.09975961538461539 0.052884615384615384
4 0.5865384615384616 0.6153846153846154 0.09975961538461539 0.056490384615384616
4 0.6021634615384616 0.5144230769230769 0.09014423076923077 0.037259615384615384
4 0.40024038461538464 0.47475961538461536 0.16706730769230768 0.05048076923076923
4 0.2932692307692308 0.5072115384615384 0.09975961538461539 0.046875
4 0.49158653846153844 0.43509615384615385 0.09014423076923077 0.030048076923076924
4 0.8870192307692307 0.6069711538461539 0.10697115384615384 0.052884615384615384
4 0.8377403846153846 0.5600961538461539 0.11658653846153846 0.06009615384615385
4 0.7752403846153846 0.48677884615384615 0.06971153846153846 0.026442307692307692
4 0.7079326923076923 0.4495192307692308 0.06971153846153846 0.026442307692307692
4 0.7536057692307693 0.41225961538461536 0.10697115384615384 0.037259615384615384
4 0.6213942307692307 0.3581730769230769 0.10336538461538461 0.037259615384615384
4 0.6646634615384616 0.38461538461538464 0.06370192307692307 0.02283653846153846
4 0.5084134615384616 0.38822115384615385 0.056490384615384616 0.02283653846153846