4 0.5264423076923077 0.39302884615384615 0.35336538461538464 0.4338942307692308
4 0.5432692307692307 0.8100961538461539 0.15384615384615385 0.2668269230769231
4 0.4254807692307692 0.828125 0.16346153846153846 0.26322115384615385
4 0.24519230769230768 0.8137019230769231 0.2764423076923077 0.24639423076923078
4 0.6622596153846154 0.6622596153846154 0.15625 0.2764423076923077
4 0.7620192307692307 0.6177884615384616 0.07692307692307693 0.16346153846153846
4 0.8353365384615384 0.32211538461538464 0.09014423076923077 0.18389423076923078
4 0.8305288461538461 0.5204326923076923 0.09975961538461539 0.18629807692307693
4 0.8870192307692307 0.6766826923076923 0.10697115384615384 0.1466346153846154
4 0.9387019230769231 0.5877403846153846 0.06370192307692307 0.11057692307692307
4 0.9495192307692307 0.47716346153846156 0.052884615384615384 0.1201923076923077
4 0.9122596153846154 0.3713942307692308 0.056490384615384616 0.12379807692307693
4 0.8713942307692307 0.1971153846153846 0.04326923076923077 0.09375
4 0.9254807692307693 0.22355769230769232 0.030048076923076924 0.06610576923076923
4 0.96875 0.23798076923076922 0.02283653846153846 0.056490384615384616
4 0.9603365384615384 0.30649038461538464 0.03365384615384615 0.06610576923076923