4 0.5072115384615384 0.5661057692307693 0.35336538461538464 0.43990384615384615
4 0.5228365384615384 0.15144230769230768 0.15384615384615385 0.2704326923076923
4 0.40625 0.13822115384615385 0.16706730769230768 0.2704326923076923
4 0.22716346153846154 0.1622596153846154 0.2800480769230769 0.25721153846153844
4 0.6430288461538461 0.29447115384615385 0.15384615384615385 0.28365384615384615
4 0.7415865384615384 0.3329326923076923 0.07692307692307693 0.16706730769230768
4 0.8149038461538461 0.6262019230769231 0.09014423076923077 0.18629807692307693
4 0.8088942307692307 0.43028846153846156 0.09615384615384616 0.18629807692307693
4 0.8665865384615384 0.2704326923076923 0.10697115384615384 0.15384615384615385
4 0.9182692307692307 0.3545673076923077 0.06370192307692307 0.11658653846153846
4 0.9302884615384616 0.46634615384615385 0.052884615384615384 0.1201923076923077
4 0.8918269230769231 0.5733173076923077 0.056490384615384616 0.1201923076923077
4 0.8521634615384616 0.75 0.04326923076923077 0.09375
4 0.9038461538461539 0.7235576923076923 0.026442307692307692 0.06610576923076923
4 0.9471153846153846 0.7067307692307693 0.026442307692307692 0.06009615384615385
4 0.9362980769230769 0.6370192307692307 0.03365384615384615 0.06610576923076923