4 0.6021634615384616 0.3581730769230769 0.21033653846153846 0.2764423076923077
4 0.8197115384615384 0.7163461538461539 0.3004807692307692 0.453125
4 0.9278846153846154 0.24639423076923078 0.13701923076923078 0.3401442307692308
4 0.7463942307692307 0.11658653846153846 0.1466346153846154 0.16706730769230768
4 0.4254807692307692 0.6766826923076923 0.18389423076923078 0.40024038461538464
4 0.375 0.328125 0.07692307692307693 0.15625
4 0.4387019230769231 0.13942307692307693 0.11057692307692307 0.1466346153846154
4 0.5204326923076923 0.05048076923076923 0.06009615384615385 0.052884615384615384
4 0.16947115384615385 0.375 0.06009615384615385 0.15625
4 0.25721153846153844 0.5264423076923077 0.0733173076923077 0.1935096153846154
4 0.1935096153846154 0.6021634615384616 0.039663461538461536 0.0829326923076923
4 0.19110576923076922 0.7884615384615384 0.0829326923076923 0.1971153846153846
4 0.11538461538461539 0.30528846153846156 0.04326923076923077 0.10336538461538461
4 0.09134615384615384 0.41225961538461536 0.05048076923076923 0.13701923076923078
4 0.12620192307692307 0.6586538461538461 0.08052884615384616 0.25
4 0.06370192307692307 0.24519230769230768 0.08052884615384616 0.18389423076923078
4 0.328125 0.44350961538461536 0.06370192307692307 0.13942307692307693
4 0.27283653846153844 0.31971153846153844 0.039663461538461536 0.06610576923076923