4 0.703125 0.5144230769230769 0.08653846153846154 0.09014423076923077
4 0.7716346153846154 0.59375 0.056490384615384616 0.052884615384615384
4 0.5685096153846154 0.5721153846153846 0.10336538461538461 0.0829326923076923
4 0.4362980769230769 0.46153846153846156 0.06009615384615385 0.10336538461538461
4 0.4795673076923077 0.4855769230769231 0.03365384615384615 0.07692307692307693
4 0.3545673076923077 0.7211538461538461 0.11658653846153846 0.06370192307692307
4 0.19110576923076922 0.7536057692307693 0.15625 0.09975961538461539
4 0.5600961538461539 0.6935096153846154 0.0733173076923077 0.046875
4 0.6947115384615384 0.6682692307692307 0.0829326923076923 0.06370192307692307
4 0.6165865384615384 0.47115384615384615 0.03365384615384615 0.04326923076923077
4 0.5817307692307693 0.46274038461538464 0.02283653846153846 0.039663461538461536
4 0.6502403846153846 0.49038461538461536 0.026442307692307692 0.026442307692307692
4 0.8269230769230769 0.5348557692307693 0.026442307692307692 0.037259615384615384