4 0.6346153846153846 0.5144230769230769 0.06971153846153846 0.04326923076923077
4 0.8665865384615384 0.8016826923076923 0.15985576923076922 0.18389423076923078
4 0.7872596153846154 0.875 0.08653846153846154 0.10336538461538461
4 0.6598557692307693 0.7163461538461539 0.09375 0.09375
4 0.5612980769230769 0.7367788461538461 0.09615384615384616 0.08653846153846154
4 0.4266826923076923 0.7620192307692307 0.08052884615384616 0.06370192307692307
4 0.5036057692307693 0.8701923076923077 0.09375 0.09975961538461539
4 0.6466346153846154 0.8834134615384616 0.09975961538461539 0.11298076923076923
4 0.5901442307692307 0.9627403846153846 0.13341346153846154 0.052884615384615384
4 0.3581730769230769 0.9447115384615384 0.12980769230769232 0.09014423076923077
4 0.5336538461538461 0.5637019230769231 0.046875 0.039663461538461536
4 0.5685096153846154 0.5348557692307693 0.037259615384615384 0.02283653846153846
4 0.46274038461538464 0.5144230769230769 0.15985576923076922 0.13701923076923078
4 0.21875 0.7079326923076923 0.33052884615384615 0.24278846153846154
4 0.06370192307692307 0.9098557692307693 0.12620192307692307 0.17307692307692307