4 0.8978365384615384 0.46274038461538464 0.12980769230769232 0.22716346153846154
4 0.8329326923076923 0.25841346153846156 0.09975961538461539 0.13701923076923078
4 0.7584134615384616 0.4170673076923077 0.06971153846153846 0.21995192307692307
4 0.6754807692307693 0.5300480769230769 0.056490384615384616 0.11298076923076923
4 0.578125 0.3737980769230769 0.037259615384615384 0.08653846153846154
4 0.4951923076923077 0.25 0.05048076923076923 0.08052884615384616
4 0.4579326923076923 0.48197115384615385 0.04326923076923077 0.07692307692307693
4 0.7211538461538461 0.7331730769230769 0.05048076923076923 0.06610576923076923
4 0.625 0.7199519230769231 0.04326923076923077 0.06610576923076923
4 0.578125 0.6682692307692307 0.05048076923076923 0.07692307692307693
4 0.8846153846153846 0.8713942307692307 0.14302884615384615 0.21634615384615385