4 0.04807692307692308 0.45552884615384615 0.09615384615384616 0.06971153846153846
4 0.34975961538461536 0.4387019230769231 0.052884615384615384 0.04326923076923077
4 0.5649038461538461 0.24639423076923078 0.0829326923076923 0.06009615384615385
4 0.6550480769230769 0.31009615384615385 0.09014423076923077 0.03365384615384615
4 0.6117788461538461 0.36778846153846156 0.056490384615384616 0.030048076923076924
4 0.5144230769230769 0.30288461538461536 0.05048076923076923 0.03365384615384615
4 0.4735576923076923 0.5697115384615384 0.08653846153846154 0.06610576923076923
4 0.3798076923076923 0.6586538461538461 0.16706730769230768 0.11057692307692307
4 0.6021634615384616 0.5300480769230769 0.05048076923076923 0.03365384615384615
4 0.6514423076923077 0.6622596153846154 0.203125 0.09014423076923077
4 0.6670673076923077 0.8497596153846154 0.18629807692307693 0.18629807692307693
4 0.7283653846153846 0.5396634615384616 0.12379807692307693 0.09975961538461539