4 0.47716346153846156 0.23197115384615385 0.052884615384615384 0.06370192307692307
4 0.3485576923076923 0.39663461538461536 0.07692307692307693 0.2536057692307692
4 0.6177884615384616 0.8882211538461539 0.296875 0.21634615384615385
4 0.8377403846153846 0.4831730769230769 0.2704326923076923 0.3870192307692308
4 0.6862980769230769 0.27884615384615385 0.0733173076923077 0.0829326923076923
4 0.53125 0.5036057692307693 0.0829326923076923 0.13341346153846154
4 0.6165865384615384 0.6454326923076923 0.039663461538461536 0.06370192307692307
4 0.40865384615384615 0.6850961538461539 0.04326923076923077 0.06370192307692307
4 0.44350961538461536 0.32211538461538464 0.06610576923076923 0.11658653846153846
4 0.5204326923076923 0.30649038461538464 0.03365384615384615 0.046875
4 0.6105769230769231 0.1971153846153846 0.06009615384615385 0.06009615384615385
4 0.7728365384615384 0.24158653846153846 0.06009615384615385 0.06370192307692307
4 0.3112980769230769 0.6322115384615384 0.04326923076923077 0.16947115384615385