4 0.6634615384615384 0.7980769230769231 0.15384615384615385 0.11658653846153846
4 0.5516826923076923 0.7512019230769231 0.09014423076923077 0.06971153846153846
4 0.7512019230769231 0.5733173076923077 0.14302884615384615 0.09975961538461539
4 0.5745192307692307 0.578125 0.07692307692307693 0.056490384615384616
4 0.4483173076923077 0.6069711538461539 0.0829326923076923 0.046875
4 0.31971153846153844 0.6201923076923077 0.052884615384615384 0.039663461538461536
4 0.4387019230769231 0.5829326923076923 0.12379807692307693 0.046875
4 0.5685096153846154 0.4831730769230769 0.09014423076923077 0.06009615384615385
4 0.8028846153846154 0.43149038461538464 0.039663461538461536 0.030048076923076924
4 0.6935096153846154 0.47115384615384615 0.0733173076923077 0.05048076923076923
4 0.6298076923076923 0.41947115384615385 0.03365384615384615 0.026442307692307692
4 0.23317307692307693 0.8112980769230769 0.20673076923076922 0.12980769230769232