4 0.7403846153846154 0.6045673076923077 0.22716346153846154 0.15625
4 0.5288461538461539 0.7271634615384616 0.18389423076923078 0.1466346153846154
4 0.6850961538461539 0.8786057692307693 0.16346153846153846 0.18389423076923078
4 0.3317307692307692 0.9831730769230769 0.12379807692307693 0.026442307692307692
4 0.8112980769230769 0.49038461538461536 0.09014423076923077 0.0733173076923077
4 0.8966346153846154 0.453125 0.09375 0.06610576923076923
4 0.6213942307692307 0.4567307692307692 0.14302884615384615 0.08052884615384616
4 0.7319711538461539 0.4411057692307692 0.0829326923076923 0.05048076923076923
4 0.7403846153846154 0.39663461538461536 0.046875 0.039663461538461536
4 0.24158653846153846 0.5552884615384616 0.09014423076923077 0.05048076923076923
4 0.039663461538461536 0.6033653846153846 0.07932692307692307 0.08653846153846154