4 0.6213942307692307 0.5372596153846154 0.12379807692307693 0.11298076923076923
4 0.6177884615384616 0.43509615384615385 0.09014423076923077 0.0829326923076923
4 0.5048076923076923 0.4699519230769231 0.07692307692307693 0.06610576923076923
4 0.39663461538461536 0.4795673076923077 0.08052884615384616 0.06610576923076923
4 0.4170673076923077 0.34975961538461536 0.08052884615384616 0.08052884615384616
4 0.28846153846153844 0.34375 0.07692307692307693 0.08653846153846154
4 0.4651442307692308 0.6478365384615384 0.18389423076923078 0.17668269230769232
4 0.39663461538461536 0.8161057692307693 0.13341346153846154 0.15985576923076922
4 0.15745192307692307 0.06129807692307692 0.18509615384615385 0.12259615384615384
4 0.5336538461538461 0.171875 0.1201923076923077 0.07692307692307693
4 0.6694711538461539 0.27884615384615385 0.08052884615384616 0.056490384615384616
4 0.7620192307692307 0.21634615384615385 0.07692307692307693 0.06610576923076923
4 0.8064903846153846 0.27524038461538464 0.06610576923076923 0.06370192307692307
4 0.8798076923076923 0.31971153846153844 0.11298076923076923 0.08052884615384616
4 0.7620192307692307 0.3894230769230769 0.11057692307692307 0.09975961538461539
4 0.6646634615384616 0.3269230769230769 0.06370192307692307 0.052884615384615384
4 0.2848557692307692 0.19471153846153846 0.06971153846153846 0.056490384615384616