4 0.38341346153846156 0.2848557692307692 0.12620192307692307 0.21634615384615385
4 0.3016826923076923 0.5132211538461539 0.12980769230769232 0.17307692307692307
4 0.12620192307692307 0.38461538461538464 0.16706730769230768 0.1502403846153846
4 0.055288461538461536 0.7596153846153846 0.06971153846153846 0.11298076923076923
4 0.4831730769230769 0.1935096153846154 0.06009615384615385 0.08653846153846154
4 0.5036057692307693 0.1045673076923077 0.052884615384615384 0.09014423076923077
4 0.5504807692307693 0.3762019230769231 0.06009615384615385 0.13942307692307693
4 0.5444711538461539 0.26322115384615385 0.04326923076923077 0.08052884615384616
4 0.5865384615384616 0.25 0.03365384615384615 0.046875
4 0.5180288461538461 0.7716346153846154 0.037259615384615384 0.09014423076923077
4 0.5084134615384616 0.96875 0.0829326923076923 0.056490384615384616