4 0.30649038461538464 0.42788461538461536 0.1201923076923077 0.22956730769230768
4 0.18509615384615385 0.6538461538461539 0.12980769230769232 0.13942307692307693
4 0.3894230769230769 0.5865384615384616 0.0733173076923077 0.1201923076923077
4 0.46033653846153844 0.5564903846153846 0.052884615384615384 0.09375
4 0.4170673076923077 0.4411057692307692 0.052884615384615384 0.09615384615384616
4 0.5168269230769231 0.4338942307692308 0.039663461538461536 0.08653846153846154
4 0.5504807692307693 0.6370192307692307 0.052884615384615384 0.16706730769230768
4 0.5180288461538461 0.7415865384615384 0.05048076923076923 0.09615384615384616
4 0.5949519230769231 0.5480769230769231 0.030048076923076924 0.09014423076923077
4 0.43149038461538464 0.14302884615384615 0.05048076923076923 0.09975961538461539
4 0.47716346153846156 0.1971153846153846 0.06009615384615385 0.11298076923076923
4 0.5504807692307693 0.26322115384615385 0.026442307692307692 0.06610576923076923
4 0.5829326923076923 0.3329326923076923 0.026442307692307692 0.0733173076923077
4 0.6237980769230769 0.28966346153846156 0.039663461538461536 0.10697115384615384
4 0.6730769230769231 0.4254807692307692 0.03365384615384615 0.10336538461538461
4 0.6478365384615384 0.3786057692307692 0.02283653846153846 0.06370192307692307
4 0.6418269230769231 0.5348557692307693 0.02283653846153846 0.056490384615384616