4 0.8052884615384616 0.33533653846153844 0.22956730769230768 0.2764423076923077
4 0.4855769230769231 0.34975961538461536 0.11057692307692307 0.2127403846153846
4 0.3713942307692308 0.25841346153846156 0.06971153846153846 0.18389423076923078
4 0.2932692307692308 0.25 0.052884615384615384 0.12620192307692307
4 0.27283653846153844 0.3317307692307692 0.046875 0.11057692307692307
4 0.2512019230769231 0.3786057692307692 0.037259615384615384 0.09615384615384616
4 0.20552884615384615 0.31490384615384615 0.037259615384615384 0.06971153846153846
4 0.4254807692307692 0.5697115384615384 0.056490384615384616 0.12620192307692307
4 0.38221153846153844 0.5685096153846154 0.05048076923076923 0.09014423076923077
4 0.32211538461538464 0.48197115384615385 0.037259615384615384 0.07692307692307693
4 0.3485576923076923 0.6262019230769231 0.04326923076923077 0.09375
4 0.3954326923076923 0.6766826923076923 0.037259615384615384 0.06610576923076923
4 0.8064903846153846 0.9014423076923077 0.11298076923076923 0.12980769230769232