4 0.8269230769230769 0.31971153846153844 0.11298076923076923 0.15384615384615385
4 0.7704326923076923 0.43149038461538464 0.06610576923076923 0.09014423076923077
4 0.6021634615384616 0.2247596153846154 0.09615384615384616 0.14302884615384615
4 0.5997596153846154 0.4014423076923077 0.052884615384615384 0.07692307692307693
4 0.6213942307692307 0.5288461538461539 0.04326923076923077 0.0829326923076923
4 0.6262019230769231 0.65625 0.039663461538461536 0.052884615384615384
4 0.5985576923076923 0.5384615384615384 0.037259615384615384 0.12379807692307693
4 0.5036057692307693 0.4050480769230769 0.052884615384615384 0.09014423076923077
4 0.46274038461538464 0.16826923076923078 0.026442307692307692 0.037259615384615384
4 0.4963942307692308 0.2800480769230769 0.046875 0.0733173076923077
4 0.44350961538461536 0.3401442307692308 0.026442307692307692 0.03365384615384615
4 0.8137019230769231 0.75 0.1201923076923077 0.20673076923076922