4 0.4951923076923077 0.38822115384615385 0.34375 0.43028846153846156
4 0.5096153846153846 0.8052884615384616 0.1466346153846154 0.26322115384615385
4 0.6286057692307693 0.8112980769230769 0.15625 0.2704326923076923
4 0.8064903846153846 0.7800480769230769 0.27283653846153844 0.24639423076923078
4 0.3798076923076923 0.6682692307692307 0.1466346153846154 0.2764423076923077
4 0.27884615384615385 0.6346153846153846 0.06971153846153846 0.16346153846153846
4 0.18389423076923078 0.3485576923076923 0.08653846153846154 0.18389423076923078
4 0.203125 0.5444711538461539 0.09375 0.18389423076923078
4 0.15865384615384615 0.7067307692307693 0.10336538461538461 0.1466346153846154
4 0.09975961538461539 0.6237980769230769 0.06009615384615385 0.11298076923076923
4 0.08173076923076923 0.5144230769230769 0.05048076923076923 0.12379807692307693
4 0.11057692307692307 0.4050480769230769 0.052884615384615384 0.12379807692307693
4 0.13701923076923078 0.22716346153846154 0.039663461538461536 0.09375
4 0.08533653846153846 0.25841346153846156 0.02283653846153846 0.06370192307692307
4 0.04447115384615385 0.2764423076923077 0.02283653846153846 0.06009615384615385
4 0.05889423076923077 0.34615384615384615 0.030048076923076924 0.06610576923076923